21.6
21.6
21.3
21.3
21.3
21.3
21.3
21.6
22.35
23.85
25.3
26.9
28.3
29.0
29.275
28.825
28.925
36.05
53.4
67.825
75.975
79.625
81.80000000000001
82.6
82.6
82.8
82.6
81.80000000000001
81.2
80.39999999999999
79.44999999999999
78.89999999999999
78.1
77.5
76.7
76.35
76.175
75.8
74.85
74.3
75.975
81.625
89.275
97.225
99.85
96.975
92.675
88.575
85.325
83.4
81.80000000000001
80.6
79.44999999999999
78.5
77.3
76.35
75.6
74.5
73.9
73.0
72.475
71.94999999999999
71.0
69.75
68.875
68.0
67.05000000000001
65.925
64.8
63.75
62.65
61.85
61.1
60.35
59.75
59.3
58.65
57.900000000000006
57.15
56.55
56.025
55.45
55.05
54.35
53.75
53.35
52.5
51.75
51.2
50.4
53.075
54.35
56.3
61.0
68.825
82.3
97.15
106.25
113.75
120.5
128.0
136.75
151.75
177.5
216.5
274.25
378.5
503.75
620.0
681.0
765.0
892.0
1146.0
1400.0
1700.0
2000.0
2485.0
2970.0
3407.5
4165.0
4840.0
5415.0
5735.0
5910.0
6035.0
6047.5
6012.5
5912.5
5825.0
5695.0
5585.0
5472.5
5377.5
5222.5
5080.0
4935.0
4800.0
4680.0
4562.5
4397.5
4255.0
4095.0
3977.5
3875.0
3787.5
3737.5
3660.0
3567.5
3487.5
3420.0
3355.0
3285.0
3227.5
3167.5
3115.0
3062.5
2997.5
2935.0
2880.0
2812.5
2755.0
2700.0
2640.0
2567.5
2520.0
2440.0
2362.5
2310.0
2245.0
2200.0
2145.0
2100.0
2060.0
2015.0
1965.0
1940.0
1907.5
1882.5
1857.5
1842.5
1820.0
1810.0
1785.0
1777.5
1772.5
1777.5
1805.0
1870.0
1977.5
2155.0
2342.5
2557.5
2775.0
2965.0
3142.5
3317.5
3400.0
3437.5
3437.5
3445.0
3397.5
3362.5
3257.5
3167.5
3090.0
3000.0
2872.5
2790.0
2652.5
2577.5
2500.0
2395.0
2305.0
2252.5
2145.0
2087.5
2027.5
1957.5
1905.0
1850.0
1792.5
1740.0
1680.0
1632.5
1570.0
1520.0
1470.0
1420.0
1370.0
1317.5
1280.0
1225.0
1187.5
1137.5
1100.0
1060.0
1015.0
979.5
951.0
923.0
896.25
873.0
853.75
836.25
818.25
799.5
780.5
764.0
746.5
732.0
716.75
702.5
687.75
676.5
664.75
652.75
640.25
622.5
611.0
593.0
581.5
570.0
551.5
533.0
511.5
490.0
461.0
432.0
398.0
364.0
335.0
306.0
281.25
256.5
244.0
234.75
227.5
221.0
215.0
210.0
204.25
198.0
193.0
188.5
185.25
182.75
179.75
177.5
175.25
173.0
170.25
167.75
165.5
164.25
161.75
158.75
156.5
154.75
153.5
151.75
150.75
150.0
148.5
147.25
146.0
144.5
142.75
141.0
139.25
138.5
137.0
135.5
134.25
132.75
132.0
130.5
129.5
128.0
126.5
126.0
124.75
123.5
122.5
122.0
121.0
121.0
121.0
120.5
119.5
118.25
116.5
115.0
114.0
113.5
112.25
111.0
110.25
109.25
108.0
107.75
106.75
106.25
105.0
103.75
103.0
103.0
102.25
101.5
101.0
101.0
101.5
102.0
101.5
101.0
100.5
100.0
99.55
99.1
98.6
98.1
98.1
98.1
97.65
97.2
97.2
97.2
96.75
96.3
95.8
95.3
93.5
93.5
94.4
94.4
94.4
95.55
98.375
100.25
102.25
104.5
106.5
110.5
116.75
122.75
125.75
127.0
127.0
126.5
125.0
123.25
122.25
121.5
121.0
121.0
121.0
121.0
121.0
121.0
119.75
118.5
116.25
114.5
113.25
111.0
109.0
107.5
105.75
104.5
103.0
103.0
102.75
102.0
101.0
100.25
100.0
100.0
99.325
97.65
95.8
94.4
92.6
91.25
90.8
90.125
89.9
89.0
88.55
87.5
87.3
86.4
86.4
86.4
86.625
87.5
88.32499999999999
89.45
89.9
89.9
91.025
92.375
93.5
94.625
95.55
96.3
96.3
95.55
94.85
94.4
93.5
93.05
92.15
91.025
89.45
88.32499999999999
87.075
86.4
85.5
84.7
84.025
83.2
82.2
81.4
80.39999999999999
79.625
78.69999999999999
78.3
77.5
77.1
76.7
76.0
75.8
75.4
74.675
73.9
73.175
72.475
71.77499999999999
71.19999999999999
70.44999999999999
69.925
69.4
68.875
68.7
68.0
67.55000000000001
67.05000000000001
66.4
65.75
65.1
64.8
64.35
64.05
63.6
63.45
63.45
63.6
63.6
63.45
63.0
62.3
61.7
60.95
60.2
59.75
59.175
58.8
58.2
58.05
57.6
57.15
57.0
56.4
56.4
56.275
56.025
55.9
55.9
55.9
55.9
55.45
55.45
55.3
55.3
55.175
54.8
54.35
54.2
53.900000000000006
53.6
53.475
53.1
53.1
53.1
52.65
52.5
52.5
52.5
52.5
52.5
52.125
52.0
52.0
52.0
52.0
52.0
51.875
51.5
51.5
50.9
50.9
50.9
50.775
50.4
50.275
50.025
49.9
49.775
49.4
49.4
49.4
48.95
48.8
48.8
48.8
48.8
48.675
48.8
48.8
48.8
48.8
48.8
48.55
48.05
47.55
47.3
46.925
46.55
46.3
46.3
46.3
46.175
46.3
45.8
45.8
45.8
45.8
45.8
45.8
45.55
45.3
45.3
45.3
45.05
44.8
44.55
44.3
43.9
43.65
43.4
43.4
43.4
42.9
42.9
42.9
42.9
42.9
42.775
42.4
42.4
42.4
42.4
42.4
42.4
42.4
42.4
42.0
42.0
41.75
41.5
41.2
41.1
40.975
40.6
40.6
40.1
40.1
40.1
39.7
39.7
39.7
39.6
39.3
39.3
39.3
39.175
38.925
39.175
39.4
39.7
39.7
39.5
39.3
39.3
39.3
39.3
39.3
39.175
38.8
38.8
38.8
39.175
39.3
39.3
39.3
39.3
39.3
38.925
38.8
38.8
38.7
38.4
38.4
38.4
38.4
38.4
38.4
38.4
37.9
37.9
37.9
37.5
37.5
37.5
37.4
37.1
37.1
37.1
37.1
36.6
36.5
36.3
36.2
36.2
36.2
36.400000000000006
36.6
36.6
36.5
36.2
36.2
36.2
35.9
35.8
35.8
35.8
35.5
35.4
35.4
35.4
35.4
35.4
35.4
35.4
35.4
35.1
35.0
35.1
35.0
35.0
35.4
35.4
35.4
35.5
35.8
35.8
35.8
35.8
35.8
35.8
35.8
36.1
36.2
36.3
36.6
36.6
36.725
36.975
37.1
36.85
36.6
36.725
36.6
36.6
36.6
36.3
36.2
36.2
36.2
37.275
45.9
59.575
70.175
76.175
78.69999999999999
