0.0534114291653974
0.1098095526831564
0.0053527797148395
0.0
0.0
0.0
0.0
0.0
0.0
0.0
0.0
0.0
0.0
0.0
0.0
0.0
3.878831040345505e-05
5.8182419365979456e-05
0.0
0.0
0.0
0.0003684886251584
0.0
0.0
3.878831040345505e-05
7.757657456770697e-05
0.0
0.0
0.0
0.0
0.0
0.0
0.0
0.0
0.0
0.0
0.0
0.0
0.0
0.0587642080941704
0.0738140518617872
0.0001939414132996
0.0009697067890631
9.69706835302314e-05
0.0
0.0
0.0
0.0
0.0
0.0
0.0
0.0
0.0
0.0
0.0
0.0
0.0
0.0
0.0001163648387319
0.0
0.0
0.0
0.0
0.0
0.0
0.0
0.0
0.0
0.0
0.0
0.0
0.0
0.0
0.0
0.0
0.0
0.0
0.0
0.0
0.0
0.0
0.0
0.0
0.0
0.0004848537413255
0.0511229227356866
0.060141191957513
0.0136728611989718
0.0205383827538251
0.0001939413670604
0.1738877519043278
0.0603933155589826
0.0263372269748027
0.1005973425104224
0.0050230798162373
0.0274620865430876
0.1174314453660931
0.1799775070661551
5.8182465605182576e-05
0.0698188618550885
0.2555758178772787
0.1735580521906824
0.0483107743929644
0.0433264833957616
0.3494627898087406
0.7335634894822513
0.5338815529136263
0.4619099440851527
0.5627594106594367
0.7270470666513613
0.3981420528731027
0.7741941915010261
0.8313680792848077
0.6863969754249796
0.0570381323502665
0.396241426495639
0.2658934947577936
0.1395601446849316
0.2142857207776984
0.0284899749654503
0.083879604354766
0.0977657997813024
0.0088631180609767
0.051219893465456
0.2389356564811469
0.038477951484971
0.1736162339626996
0.0606260449127721
0.0224390080677871
0.0033745799995523
0.033105777661169
0.0004848536026079
0.3179861207221248
0.1040301033109686
0.0211396009639691
0.0103370701571717
0.021255966265093
0.0586866342939549
0.1086652994220618
0.0638066815107391
0.0010472832249132
0.0
0.0188510938869094
0.1530778530584425
0.1619991511343467
0.1079671109445405
0.0668903491822656
0.0902408791690721
0.1035258555531589
0.1127768546836453
0.0307396943332161
0.0153019685250664
0.0718746396708371
0.0412513119334426
0.0409216120810797
0.0318257657298151
0.0457895388406601
0.0059346039547385
7.75766208069101e-05
0.0
0.0
0.0268802626731022
0.0287420987518767
0.0
0.0
0.0
0.0118304195990735
0.007447347783038
0.0055273278514823
0.0007563717754321
0.0175516858120681
0.4562080699465957
0.8319111130410607
0.6077731795466523
0.645649908382516
0.2466933070020371
0.0
0.0
0.0
0.0
0.0206353533911162
0.0149334791138416
0.0
0.0035297324088605
0.0
0.0
0.0
0.0
0.0
0.0
0.0
0.0
0.0
0.0
0.0
0.0
0.0
0.0
0.0
0.0
0.0
0.0
0.0
0.0
0.0
0.0
0.0
0.0
0.0
0.0
0.0
0.0012412246382128
0.0
0.0
0.0
0.0
0.0
0.0
0.0
0.0
0.0
0.0
0.0
0.0
0.0
0.0
0.0
0.0
0.0
0.0
0.0
0.0
0.0
0.0
0.0
0.0
0.0
0.0
0.0
0.0
0.0
0.0
0.0
0.0
0.0
0.0
0.0
0.0
0.0
0.0
0.0
0.0
0.0
0.0
0.0
0.0
0.0
0.0
0.0
0.0
0.0
0.0
0.0
0.0
0.0
0.0
0.0
0.0
0.0
0.0
0.0
0.0
0.0
0.0
0.0
0.0
0.0
0.0
0.0
0.0
0.0
0.0
0.0
0.0
0.0
0.0
0.0
0.0
0.0
0.0
0.0
0.0
0.0
0.0
0.0
0.0
0.0
0.0
0.0
0.0
0.0
0.0
0.0
0.0
0.0
0.0
0.0
0.0
0.0
0.0
0.0
0.0
0.0
0.0
0.0
0.0
0.0
0.0
0.0
0.0
0.0
0.0
0.0
0.0
0.0
0.0
0.0
0.0
0.0
0.0
0.0
0.0
0.0
0.0
0.0
0.0
0.0
0.0
0.0
0.0
0.0
0.0
0.0
0.0
0.0
0.0
0.0
0.0
0.0
0.0
0.0
0.0
0.0
0.0
0.0
0.0002327295387463
0.036596720603646
1.9394155201727525e-05
0.0
0.0
0.0
0.0
0.0
0.0
0.0
0.0
0.0
0.0
0.0
0.0
0.0
0.0
0.0
0.0
7.757652832850387e-05
0.0
0.0683836951099879
0.1594003378977338
0.0364027784505191
0.0096000935079646
0.0043636790017706
0.0
0.0
0.0
0.0
0.0
0.0
0.0
0.0
0.0
0.0
0.0
0.0
0.0
0.0
0.0
0.0
0.0
0.0
0.0
0.0
0.0
0.0
0.0
0.0
0.0
0.0
7.75766208069101e-05
0.0
0.0
0.0
0.0085528107454434
0.0
0.0
0.0
0.0
0.0
0.0
0.0
0.0
0.011267988774549
0.0761801349585441
0.0039757965450849
0.0
0.0
0.0
0.0
0.0
0.0
0.0
0.0
0.0
0.0
0.0
0.0
0.086730542210111
0.068383696497164
0.0
0.0
0.0
0.0
0.0
0.0
0.0
0.0
0.0
0.0
0.0
0.0
0.0
0.0
0.0
0.0
0.0
0.0
0.0
0.0
0.0
0.0
0.0
0.0
0.0
0.0
0.0
0.0
0.0
0.0
0.0
0.0
0.0
0.0
0.0
0.0
0.0
0.0
0.0
0.0
0.0
0.0
0.0
0.0
0.0
0.0
0.0
0.0
0.0
0.0
0.0
0.0
0.0
0.0
0.0
0.0
0.0
0.0
0.0
0.0
0.0
0.0
0.0
0.0
0.0
0.0
0.0
0.0
0.0
0.0
0.0
0.0
0.0
0.0
0.0
0.0
0.0
0.0
0.0
0.0
0.0
0.0
0.0
0.0
0.0
0.0
0.0
0.0
0.0
0.0
0.0
0.0
0.0
0.0
0.0
0.0
0.0
0.0
0.0
0.0
0.0
0.0
0.0
0.0
0.0
0.0
0.0
0.0
0.0
0.0
0.0
0.0
0.0
0.0
0.0
0.0
0.0
0.0
0.0
0.0
0.0
0.0
0.0
0.0
0.0
0.0
0.0
0.0
0.0
0.0
0.0
0.0
0.0
0.0
0.0
0.0
0.0
0.0
0.0
0.0
0.0
0.0
0.0
0.0
0.0
0.0
0.0
0.0
0.0
0.0
0.0
0.0
0.0
0.0
0.0
0.0
0.0
0.0
0.0
0.0
0.0
0.0
0.0
0.0
0.0
0.0
0.0
0.0
0.0
0.0
0.0
0.0
0.0
0.0
0.0
0.0
0.0
0.0
0.0
0.0
0.0
0.0
0.0
0.0
0.0
0.0
0.0
0.0
0.0
0.0
0.0
0.0
0.0
0.0
0.0
0.0
0.0
0.0
0.0
0.0
0.0
0.0
0.0
0.0
0.0
0.0
0.0
0.0
0.0
0.0
0.0
0.0
0.0
0.0
0.0
0.0
0.0
0.0
0.0
0.0
0.0
0.0
0.0
0.0
0.0
0.0
0.0
0.0
0.0
0.0
0.0
0.0
0.0
0.0
0.0
0.0
0.0
0.0
0.0
0.0
0.0
0.0
0.0
0.0
0.0
0.0
0.0040921617074913
0.000368488763876
0.0
0.0
0.0
0.0
0.0
0.0
0.0
0.0
0.0
0.0
0.0
0.0
0.0
0.0
0.0
0.0
0.0
0.0
0.0
0.0
0.0
0.0
0.0
0.0216826363848334
0.054555682426492
0.0230208309667492
0.0110934426261919
5.8182465605182576e-05
0.0
0.0009503124026653
0.0
0.0
0.0
0.0
0.0
0.0
0.0
0.0
0.0
0.0
0.0
0.0
0.0
0.000989100759308
0.004693379409004
0.0
0.0
0.0
0.0
0.0
0.0
0.0
0.0
0.0
0.0
0.0
0.0
0.0001163649312103
0.0
